[gd_scene load_steps=4 format=2]

[ext_resource path="res://UI/Menu/StartMenu.gd" type="Script" id=1]

[sub_resource type="PlaneMesh" id=1]

[sub_resource type="CapsuleMesh" id=2]
radius = 0.025
mid_height = 0.25

[node name="StartMenu" type="Spatial"]
script = ExtResource( 1 )

[node name="MeshInstance" type="MeshInstance" parent="."]
mesh = SubResource( 1 )
material/0 = null

[node name="Control" type="Control" parent="."]
margin_right = 40.0
margin_bottom = 40.0
__meta__ = {
"_edit_use_anchors_": false
}

[node name="Label" type="Label" parent="Control"]
margin_left = 341.079
margin_top = 126.018
margin_right = 660.079
margin_bottom = 252.018
text = "Trolley Problem Racing"
align = 1
__meta__ = {
"_edit_use_anchors_": false
}

[node name="Button" type="Button" parent="Control"]
margin_left = 415.321
margin_top = 228.881
margin_right = 590.321
margin_bottom = 286.881
text = "Start!"
__meta__ = {
"_edit_use_anchors_": false
}

[node name="Button2" type="Button" parent="Control"]
margin_left = 413.254
margin_top = 312.46
margin_right = 590.254
margin_bottom = 360.46
text = "Quit!"

[node name="Camera" type="Camera" parent="."]
transform = Transform( 1, 0, 0, 0, 0.969304, 0.245866, 0, -0.245866, 0.969304, 0, 0.741451, 1.6709 )
current = true
fov = 28.5

[node name="CSGBox" type="CSGBox" parent="."]
transform = Transform( -0.631475, 0, 0.775397, 0, 1, 0, -0.775397, 0, -0.631475, -0.286656, 0.0826597, -0.331139 )
width = 0.299
height = 0.175
depth = 0.229

[node name="CSGMesh" type="CSGMesh" parent="."]
transform = Transform( 1, 0, 0, 0, -0.362503, -0.931983, 0, 0.931983, -0.362503, -0.0991545, 0.225868, 0 )
mesh = SubResource( 2 )

[node name="CSGMesh2" type="CSGMesh" parent="."]
transform = Transform( 1, 0, 0, 0, -0.737183, 0.675693, 0, -0.675693, -0.737183, 0.0532053, 0.260076, -0.21118 )
mesh = SubResource( 2 )

[connection signal="pressed" from="Control/Button" to="." method="_on_Button_pressed"]
[connection signal="pressed" from="Control/Button2" to="." method="_on_Button2_pressed"]
